#time[s] 	 x_1[m] 	 u[V] 	 xhat_1[m] 	 xhat_2[m/s] 	 diff[m/s]
0.00 	0.000000 	0.000000 	0.000000 	0.000000 	0.000000
0.01 	0.000000 	10.000000 	0.000000 	0.000000 	0.000000
0.02 	-0.000225 	10.000000 	0.000000 	0.259239 	-0.022501
0.03 	0.002475 	10.000000 	0.002559 	0.505045 	0.270017
0.04 	0.007650 	10.000000 	0.007597 	0.738196 	0.517533
0.05 	0.012601 	10.000000 	0.014987 	0.959345 	0.495032
0.06 	0.018001 	10.000000 	0.024226 	1.168509 	0.540035
0.07 	0.024302 	10.000000 	0.034988 	1.365977 	0.630040
0.08 	0.032177 	10.000000 	0.047062 	1.552209 	0.787550
0.09 	0.038702 	10.000000 	0.060375 	1.727845 	0.652542
0.10 	0.046128 	10.000000 	0.074438 	1.892827 	0.742548
0.11 	0.054453 	10.000000 	0.089165 	2.047739 	0.832553
0.12 	0.062554 	10.000000 	0.104492 	2.193157 	0.810052
0.13 	0.070655 	10.000000 	0.120201 	2.329377 	0.810052
0.14 	0.078530 	10.000000 	0.136143 	2.456785 	0.787550
0.15 	0.086856 	10.000000 	0.152162 	2.575728 	0.832553
0.16 	0.096756 	10.000000 	0.168229 	2.686731 	0.990063
0.17 	0.104632 	10.000000 	0.184491 	2.790561 	0.787550
0.18 	0.113182 	8.172440 	0.200546 	2.887068 	0.855055
0.19 	0.122183 	1.753212 	0.216454 	2.929460 	0.900058
0.20 	0.131183 	-0.856720 	0.231760 	2.801635 	0.900058
0.21 	0.140184 	-1.375149 	0.244852 	2.611272 	0.900058
0.22 	0.148510 	-0.925198 	0.255434 	2.416337 	0.832553
0.23 	0.156385 	-0.130687 	0.263731 	2.242601 	0.787550
0.24 	0.161560 	0.665422 	0.270229 	2.098329 	0.517533
0.25 	0.166961 	1.442959 	0.275088 	1.981834 	0.540035
0.26 	0.173711 	2.040760 	0.278862 	1.891634 	0.675043
0.27 	0.180237 	2.357331 	0.282175 	1.822285 	0.652542
0.28 	0.186312 	2.483986 	0.285272 	1.765474 	0.607539
0.29 	0.193737 	2.508195 	0.288243 	1.715576 	0.742548
0.30 	0.201613 	2.386330 	0.291375 	1.669923 	0.787550
0.31 	0.210163 	2.172128 	0.294755 	1.624579 	0.855055
0.32 	0.217814 	1.891337 	0.298449 	1.577232 	0.765049
0.33 	0.227040 	1.653779 	0.302256 	1.525976 	0.922559
0.34 	0.234690 	1.362527 	0.306355 	1.472476 	0.765049
0.35 	0.243016 	1.157762 	0.310446 	1.415018 	0.832553
0.36 	0.251566 	0.962906 	0.314591 	1.356209 	0.855055
0.37 	0.260342 	0.766073 	0.318801 	1.296416 	0.877556
0.38 	0.269567 	0.561693 	0.323091 	1.235675 	0.922559
0.39 	0.276993 	0.335236 	0.327505 	1.173926 	0.742548
0.40 	0.284193 	0.209911 	0.331749 	1.110198 	0.720046
0.41 	0.292969 	0.138032 	0.335795 	1.047204 	0.877556
0.42 	0.301069 	-0.011606 	0.339912 	0.986704 	0.810052
0.43 	0.309845 	-0.160123 	0.344015 	0.926381 	0.877556
0.44 	0.317720 	-0.347456 	0.348209 	0.866415 	0.787550
0.45 	0.325821 	-0.497263 	0.352349 	0.805549 	0.810052
0.46 	0.333246 	-0.643697 	0.356468 	0.744869 	0.742548
0.47 	0.339097 	-0.752118 	0.360471 	0.684299 	0.585037
0.48 	0.348997 	-0.761253 	0.364142 	0.624476 	0.990063
0.49 	0.350572 	-0.974756 	0.368140 	0.568963 	0.157510
0.50 	0.353273 	-0.802284 	0.371223 	0.510214 	0.270017
0.51 	0.357323 	-0.562967 	0.373661 	0.458878 	0.405026
0.52 	0.358673 	-0.423721 	0.375826 	0.416774 	0.135009
0.53 	0.361598 	-0.214652 	0.377448 	0.380262 	0.292519
0.54 	0.364298 	-0.106896 	0.378899 	0.351359 	0.270017
0.55 	0.363848 	-0.060002 	0.380246 	0.327034 	-0.045003
0.56 	0.366098 	0.120542 	0.381083 	0.304760 	0.225014
0.57 	0.367899 	0.175302 	0.381907 	0.288647 	0.180012
0.58 	0.369474 	0.183267 	0.382715 	0.275013 	0.157510
0.59 	0.371049 	0.175982 	0.383500 	0.262469 	0.157510
0.60 	0.371499 	0.157947 	0.384278 	0.250569 	0.045003
0.61 	0.372849 	0.196589 	0.384887 	0.238738 	0.135009
0.62 	0.373974 	0.200377 	0.385488 	0.228694 	0.112507
0.63 	0.375774 	0.196406 	0.386067 	0.219389 	0.180012
0.64 	0.376224 	0.147772 	0.386733 	0.210747 	0.045003
0.65 	0.375999 	0.158606 	0.387281 	0.201240 	-0.022501
0.66 	0.378699 	0.229778 	0.387620 	0.192323 	0.270017
0.67 	0.379374 	0.149774 	0.388219 	0.186265 	0.067504
0.68 	0.379824 	0.123801 	0.388769 	0.178463 	0.045003
0.69 	0.381399 	0.136295 	0.389227 	0.170367 	0.157510
0.70 	0.382749 	0.098088 	0.389769 	0.163274 	0.135009
0.71 	0.382749 	0.052095 	0.390360 	0.155746 	0.000000
0.72 	0.382975 	0.082620 	0.390788 	0.147276 	0.022501
0.73 	0.384325 	0.128035 	0.391102 	0.139987 	0.135009
0.74 	0.384100 	0.107350 	0.391496 	0.134494 	-0.022501
0.75 	0.385450 	0.146048 	0.391743 	0.128603 	0.135009
0.76 	0.385450 	0.115282 	0.392095 	0.124278 	0.000000
0.77 	0.386800 	0.131566 	0.392352 	0.119296 	0.135009
0.78 	0.386125 	0.089034 	0.392721 	0.115250 	-0.067504
0.79 	0.386575 	0.138414 	0.392895 	0.110065 	0.045003
0.80 	0.386800 	0.157450 	0.393058 	0.106492 	0.022501
0.81 	0.387475 	0.171038 	0.393194 	0.103613 	0.067504
0.82 	0.386125 	0.153609 	0.393382 	0.101360 	-0.135009
0.83 	0.387250 	0.237921 	0.393318 	0.098411 	0.112507
0.84 	0.388150 	0.215917 	0.393402 	0.098079 	0.090006
0.85 	0.387700 	0.160670 	0.393603 	0.097384 	-0.045003
0.86 	0.368799 	0.174159 	0.393701 	0.095141 	-1.890121
0.87 	0.387250 	1.258396 	0.390958 	0.088915 	1.845118
0.88 	0.388600 	0.566074 	0.391297 	0.116080 	0.135009
0.89 	0.388150 	0.131667 	0.392057 	0.124132 	-0.045003
0.90 	0.389050 	-0.015319 	0.392719 	0.120224 	0.090006
0.91 	0.390400 	-0.085867 	0.393377 	0.112762 	0.135009
0.92 	0.390175 	-0.139059 	0.394063 	0.104019 	-0.022501
0.93 	0.391075 	-0.090835 	0.394526 	0.094135 	0.090006
0.94 	0.389950 	-0.070194 	0.394955 	0.086114 	-0.112507
0.95 	0.390850 	0.045988 	0.395074 	0.078677 	0.090006
0.96 	0.390400 	0.072020 	0.395234 	0.074820 	-0.045003
0.97 	0.390625 	0.127407 	0.395265 	0.071693 	0.022501
0.98 	0.391525 	0.148903 	0.395293 	0.070210 	0.090006
0.99 	0.390175 	0.112928 	0.395436 	0.069564 	-0.135009
1.00 	0.390175 	0.182526 	0.395351 	0.067669 	0.000000
1.01 	0.390400 	0.213666 	0.395260 	0.067696 	0.022501
1.02 	0.379824 	0.209799 	0.395216 	0.068604 	-1.057568
1.03 	0.390850 	0.800572 	0.393618 	0.066898 	1.102571
1.04 	0.380724 	0.358632 	0.393876 	0.083551 	-1.012565
1.05 	0.391525 	0.705755 	0.392760 	0.085457 	1.080069
1.06 	0.391525 	0.185096 	0.393431 	0.099053 	0.000000
1.07 	0.391300 	-0.044493 	0.394139 	0.098292 	-0.022501
1.08 	0.392200 	-0.093705 	0.394701 	0.091401 	0.090006
1.09 	0.391975 	-0.118637 	0.395244 	0.083669 	-0.022501
1.10 	0.391075 	-0.068131 	0.395595 	0.075509 	-0.090006
1.11 	0.391525 	0.044777 	0.395680 	0.068787 	0.045003
1.12 	0.392425 	0.091117 	0.395751 	0.065425 	0.090006
1.13 	0.392650 	0.073255 	0.395912 	0.063632 	0.022501
1.14 	0.392425 	0.065827 	0.396064 	0.061483 	-0.022501
1.15 	0.392200 	0.088893 	0.396139 	0.059164 	-0.022501
1.16 	0.391975 	0.121761 	0.396146 	0.057492 	-0.022501
1.17 	0.391975 	0.153693 	0.396102 	0.056705 	0.000000
1.18 	0.392650 	0.167504 	0.396057 	0.056796 	0.067504
1.19 	0.392425 	0.132846 	0.396119 	0.057410 	-0.022501
1.20 	0.392425 	0.131967 	0.396145 	0.057025 	0.000000
1.21 	0.391750 	0.133949 	0.396163 	0.056632 	-0.067504
1.22 	0.392650 	0.174928 	0.396075 	0.056148 	0.090006
1.23 	0.391750 	0.138762 	0.396128 	0.056983 	-0.090006
1.24 	0.393100 	0.174275 	0.396048 	0.056614 	0.135009
1.25 	0.392650 	0.110450 	0.396177 	0.057520 	-0.045003
1.26 	0.391975 	0.112147 	0.396229 	0.056589 	-0.067504
1.27 	0.391750 	0.156175 	0.396164 	0.055579 	-0.022501
1.28 	0.391975 	0.187479 	0.396065 	0.055726 	0.022501
1.29 	0.392425 	0.182965 	0.396015 	0.056752 	0.045003
1.30 	0.391975 	0.150275 	0.396050 	0.057726 	-0.045003
1.31 	0.392650 	0.160574 	0.396022 	0.057688 	0.067504
1.32 	0.392650 	0.125652 	0.396099 	0.058084 	0.000000
1.33 	0.392425 	0.113258 	0.396168 	0.057536 	-0.022501
1.34 	0.393100 	0.125572 	0.396188 	0.056626 	0.067504
1.35 	0.392650 	0.096309 	0.396296 	0.056236 	-0.045003
1.36 	0.393100 	0.115536 	0.396317 	0.054976 	0.045003
1.37 	0.391975 	0.103011 	0.396390 	0.054381 	-0.112507
1.38 	0.392425 	0.166388 	0.396279 	0.053211 	0.045003
1.39 	0.392200 	0.166099 	0.396239 	0.053875 	-0.022501
1.40 	0.392425 	0.174852 	0.396178 	0.054455 	0.022501
1.41 	0.397825 	0.161302 	0.396166 	0.055299 	0.540035
1.42 	0.392425 	-0.152461 	0.396965 	0.057014 	-0.540035
1.43 	0.392425 	0.051822 	0.396862 	0.049056 	0.000000
1.44 	0.392875 	0.157173 	0.396694 	0.046829 	0.045003
1.45 	0.392650 	0.175168 	0.396596 	0.047593 	-0.022501
1.46 	0.392650 	0.188630 	0.396486 	0.048753 	0.000000
1.47 	0.392200 	0.185764 	0.396404 	0.050229 	-0.045003
1.48 	0.393100 	0.201758 	0.396283 	0.051468 	0.090006
1.49 	0.391750 	0.148346 	0.396325 	0.053297 	-0.135009
1.50 	0.391975 	0.198502 	0.396179 	0.053320 	0.022501
1.51 	0.392425 	0.200152 	0.396089 	0.054730 	0.045003
1.52 	0.391975 	0.167013 	0.396092 	0.056236 	-0.045003
1.53 	0.392650 	0.174082 	0.396044 	0.056699 	0.067504
1.54 	0.392425 	0.135312 	0.396107 	0.057491 	-0.022501
1.55 	0.392425 	0.132205 	0.396136 	0.057169 	0.000000
1.56 	0.392200 	0.133180 	0.396157 	0.056777 	-0.022501
1.57 	0.389050 	0.148450 	0.396138 	0.056373 	-0.315020
1.58 	0.392425 	0.333096 	0.395650 	0.055652 	0.337522
1.59 	0.392425 	0.200061 	0.395728 	0.060660 	0.000000
1.60 	0.392425 	0.132471 	0.395844 	0.061942 	0.000000
1.61 	0.392200 	0.105476 	0.395956 	0.061379 	-0.022501
1.62 	0.391975 	0.113661 	0.396013 	0.060066 	-0.022501
1.63 	0.392650 	0.136374 	0.396014 	0.058967 	0.067504
1.64 	0.393100 	0.111217 	0.396105 	0.058671 	0.045003
1.65 	0.391975 	0.080258 	0.396246 	0.057822 	-0.112507
1.66 	0.391975 	0.139779 	0.396190 	0.055919 	0.000000
1.67 	0.391975 	0.168059 	0.396124 	0.055669 	0.000000
1.68 	0.392650 	0.177683 	0.396065 	0.056181 	0.067504
1.69 	0.391525 	0.139366 	0.396120 	0.057088 	-0.112507
1.70 	0.392425 	0.186543 	0.396009 	0.056679 	0.090006
1.71 	0.392425 	0.151736 	0.396044 	0.057750 	0.000000
1.72 	0.392425 	0.135442 	0.396085 	0.057856 	0.000000
1.73 	0.391975 	0.130119 	0.396120 	0.057524 	-0.045003
1.74 	0.391075 	0.155924 	0.396080 	0.056958 	-0.090006
1.75 	0.391525 	0.217500 	0.395907 	0.056888 	0.045003
1.76 	0.391750 	0.210286 	0.395826 	0.058565 	0.022501
1.77 	0.391975 	0.185740 	0.395807 	0.060039 	0.022501
1.78 	0.391975 	0.157359 	0.395839 	0.060858 	0.000000
1.79 	0.392875 	0.144390 	0.395874 	0.060892 	0.090006
1.80 	0.392425 	0.089623 	0.396038 	0.060790 	-0.045003
1.81 	0.391525 	0.099801 	0.396110 	0.059130 	-0.090006
1.82 	0.391750 	0.163228 	0.396021 	0.057592 	0.022501
1.83 	0.391750 	0.177803 	0.395963 	0.057851 	0.000000
1.84 	0.391525 	0.180506 	0.395916 	0.058488 	-0.022501
1.85 	0.391975 	0.190285 	0.395850 	0.059121 	0.045003
1.86 	0.392200 	0.164018 	0.395866 	0.060095 	0.022501
1.87 	0.391975 	0.138050 	0.395923 	0.060387 	-0.022501
1.88 	0.391975 	0.141553 	0.395941 	0.059925 	0.000000
1.89 	0.391525 	0.145256 	0.395952 	0.059573 	-0.045003
1.90 	0.392425 	0.173785 	0.395891 	0.059227 	0.090006
1.91 	0.392200 	0.133218 	0.395969 	0.059864 	-0.022501
1.92 	0.391075 	0.130494 	0.396008 	0.059345 	-0.112507
1.93 	0.392425 	0.196254 	0.395870 	0.058510 	0.135009
1.94 	0.391750 	0.143883 	0.395944 	0.059772 	-0.067504
1.95 	0.392650 	0.159525 	0.395919 	0.059435 	0.090006
1.96 	0.392200 	0.115183 	0.396028 	0.059737 	-0.045003
1.97 	0.391975 	0.126020 	0.396058 	0.058744 	-0.022501
1.98 	0.392650 	0.147641 	0.396039 	0.058023 	0.067504
1.99 	0.391750 	0.119967 	0.396117 	0.058062 	-0.090006
2.00 	0.393100 	0.162566 	0.396049 	0.057153 	0.135009
2.01 	0.392200 	0.103932 	0.396183 	0.057727 	-0.090006
2.02 	0.391525 	0.134471 	0.396169 	0.056509 	-0.067504
2.03 	0.392650 	0.188501 	0.396045 	0.055991 	0.112507
2.04 	0.392650 	0.143600 	0.396102 	0.057193 	0.000000
2.05 	0.392200 	0.123630 	0.396161 	0.057156 	-0.045003
2.06 	0.392200 	0.143488 	0.396145 	0.056483 	0.000000
2.07 	0.391525 	0.153141 	0.396125 	0.056364 	-0.067504
2.08 	0.391525 	0.194741 	0.396006 	0.056348 	0.000000
2.09 	0.391975 	0.206855 	0.395904 	0.057439 	0.045003
2.10 	0.392425 	0.178594 	0.395896 	0.058917 	0.045003
2.11 	0.392650 	0.136414 	0.395970 	0.059693 	0.022501
2.12 	0.391525 	0.107000 	0.396074 	0.059371 	-0.112507
2.13 	0.392650 	0.163903 	0.395993 	0.058016 	0.112507
2.14 	0.392200 	0.124708 	0.396077 	0.058488 	-0.045003
2.15 	0.392650 	0.136046 	0.396087 	0.057794 	0.045003
2.16 	0.392425 	0.117948 	0.396155 	0.057533 	-0.022501
2.17 	0.391750 	0.126941 	0.396177 	0.056748 	-0.067504
2.18 	0.392200 	0.172227 	0.396087 	0.056074 	0.045003
2.19 	0.392200 	0.163827 	0.396071 	0.056734 	0.000000
2.20 	0.392875 	0.157556 	0.396064 	0.057147 	0.067504
2.21 	0.391075 	0.115226 	0.396162 	0.057535 	-0.180012
2.22 	0.391975 	0.202380 	0.395983 	0.056361 	0.090006
2.23 	0.392650 	0.183572 	0.395952 	0.057761 	0.067504
2.24 	0.391075 	0.131877 	0.396039 	0.058765 	-0.157510
2.25 	0.391975 	0.200031 	0.395890 	0.057989 	0.090006
2.26 	0.391750 	0.173423 	0.395889 	0.059264 	-0.022501
2.27 	0.391525 	0.171014 	0.395868 	0.059732 	-0.022501
2.28 	0.391975 	0.180300 	0.395821 	0.060066 	0.045003
2.29 	0.392200 	0.155631 	0.395851 	0.060739 	0.022501
2.30 	0.392875 	0.131877 	0.395916 	0.060784 	0.067504
2.31 	0.392425 	0.086634 	0.396073 	0.060354 	-0.045003
2.32 	0.392425 	0.101478 	0.396135 	0.058630 	0.000000
2.33 	0.391975 	0.115798 	0.396171 	0.057366 	-0.045003
2.34 	0.392200 	0.152705 	0.396122 	0.056425 	0.022501
2.35 	0.392875 	0.156143 	0.396104 	0.056553 	0.067504
2.36 	0.391975 	0.118273 	0.396191 	0.056926 	-0.090006
2.37 	0.391975 	0.155983 	0.396134 	0.056067 	0.000000
2.38 	0.392875 	0.171880 	0.396078 	0.056243 	0.090006
2.39 	0.392425 	0.124626 	0.396165 	0.057046 	-0.045003
2.40 	0.391750 	0.131709 	0.396181 	0.056457 	-0.067504
2.41 	0.392200 	0.175302 	0.396088 	0.055920 	0.045003
2.42 	0.391300 	0.165612 	0.396070 	0.056668 	-0.090006
2.43 	0.392425 	0.209281 	0.395929 	0.056920 	0.112507
2.44 	0.407051 	0.156907 	0.395978 	0.058587 	1.462594
2.45 	0.392200 	-0.693805 	0.398207 	0.062223 	-1.485095
2.46 	0.392425 	-0.122218 	0.397938 	0.039619 	0.022501
2.47 	0.391750 	0.161813 	0.397516 	0.033115 	-0.067504
2.48 	0.391075 	0.319861 	0.396992 	0.034250 	-0.067504
2.49 	0.391750 	0.397040 	0.396456 	0.039389 	0.067504
2.50 	0.391750 	0.351313 	0.396152 	0.046547 	0.000000
